20
85 7
0.09
0.22
0.06
0.07
0.26
0.00
0.07
0.25
0.10
0.28
0.26
0.10
0.27
0.07
0.08
0.29
0.04
0.25
0.01
0.19
0.28
0.17
0.07
0.07
0.06
0.29
0.08
0.20
0.13
0.01
0.27
0.28
0.10
0.14
0.28
0.27
0.12
0.24
0.07
0.15
0.26
0.23
0.14
0.29
0.09
0.23
0.19
0.14
0.06
0.05
0.29
0.22
0.06
0.13
0.11
0.24
0.15
0.29
0.23
0.11
0.23
0.29
0.29
0.14
0.14
0.28
0.20
0.14
0.07
0.05
0.15
0.03
0.21
0.10
0.01
0.20
0.21
0.06
0.08
0.16
0.05
0.12
0.11
0.11
0.03
16 2
0.05
0.14
0.15
0.13
0.23
0.01
0.07
0.17
0.08
0.28
0.13
0.04
0.11
0.07
0.27
0.28
88 60
0.01
0.27
0.07
0.27
0.19
0.09
0.25
0.23
0.18
0.27
0.04
0.15
0.19
0.17
0.07
0.00
0.21
0.27
0.21
0.09
0.08
0.15
0.09
0.29
0.19
0.27
0.03
0.19
0.20
0.20
0.13
0.02
0.08
0.06
0.03
0.29
0.02
0.06
0.00
0.10
0.12
0.26
0.12
0.04
0.06
0.27
0.11
0.22
0.21
0.00
0.11
0.26
0.17
0.21
0.00
0.13
0.23
0.17
0.11
0.06
0.12
0.19
0.17
0.29
0.25
0.17
0.10
0.06
0.06
0.03
0.29
0.17
0.03
0.16
0.17
0.21
0.25
0.29
0.00
0.00
0.15
0.10
0.01
0.07
0.26
0.09
0.26
0.10
184 140
0.06
0.18
0.19
0.00
0.21
0.13
0.01
0.00
0.22
0.01
0.27
0.00
0.25
0.07
0.03
0.23
0.28
0.20
0.28
0.26
0.15
0.13
0.19
0.07
0.16
0.18
0.11
0.15
0.02
0.01
0.00
0.25
0.18
0.18
0.15
0.18
0.19
0.07
0.08
0.05
0.00
0.15
0.09
0.17
0.17
0.06
0.04
0.12
0.28
0.29
0.25
0.15
0.25
0.02
0.15
0.01
0.26
0.14
0.12
0.19
0.19
0.05
0.21
0.18
0.08
0.09
0.04
0.14
0.14
0.18
0.07
0.27
0.07
0.15
0.27
0.04
0.16
0.07
0.00
0.27
0.12
0.00
0.00
0.05
0.19
0.21
0.16
0.19
0.02
0.00
0.09
0.14
0.17
0.08
0.21
0.29
0.22
0.05
0.16
0.20
0.25
0.07
0.08
0.08
0.15
0.29
0.13
0.06
0.07
0.27
0.17
0.11
0.15
0.06
0.21
0.27
0.27
0.03
0.00
0.02
0.21
0.26
0.19
0.01
0.09
0.22
0.22
0.23
0.09
0.22
0.01
0.16
0.03
0.02
0.14
0.26
0.23
0.09
0.16
0.20
0.15
0.26
0.02
0.05
0.04
0.27
0.11
0.12
0.14
0.14
0.21
0.19
0.02
0.21
0.08
0.23
0.03
0.02
0.11
0.09
0.07
0.00
0.15
0.10
0.27
0.23
0.15
0.02
0.27
0.04
0.12
0.20
0.05
0.29
0.12
0.16
0.14
0.05
0.08
0.18
0.18
0.11
0.17
0.00
112 56
0.27
0.24
0.17
0.04
0.04
0.21
0.09
0.04
0.05
0.20
0.26
0.02
0.19
0.18
0.15
0.17
0.24
0.12
0.25
0.08
0.09
0.16
0.05
0.18
0.16
0.07
0.22
0.27
0.02
0.14
0.08
0.21
0.04
0.18
0.10
0.16
0.22
0.03
0.02
0.24
0.15
0.25
0.19
0.21
0.21
0.11
0.24
0.28
0.00
0.23
0.00
0.26
0.16
0.29
0.04
0.07
0.03
0.01
0.26
0.24
0.22
0.25
0.23
0.08
0.16
0.26
0.09
0.04
0.21
0.07
0.17
0.28
0.27
0.19
0.28
0.04
0.00
0.15
0.15
0.24
0.06
0.05
0.10
0.00
0.05
0.11
0.02
0.03
0.21
0.09
0.27
0.21
0.13
0.13
0.25
0.12
0.01
0.14
0.28
0.09
0.26
0.00
0.19
0.13
0.07
0.10
0.24
0.10
0.26
0.28
0.03
0.28
164 46
0.13
0.28
0.28
0.08
0.04
0.04
0.06
0.04
0.20
0.28
0.12
0.19
0.23
0.10
0.19
0.26
0.02
0.02
0.09
0.08
0.10
0.25
0.23
0.18
0.16
0.22
0.08
0.25
0.23
0.10
0.12
0.14
0.26
0.13
0.29
0.24
0.17
0.05
0.06
0.28
0.17
0.28
0.09
0.05
0.14
0.03
0.13
0.15
0.05
0.13
0.17
0.15
0.29
0.25
0.24
0.08
0.13
0.15
0.10
0.08
0.17
0.01
0.17
0.02
0.24
0.20
0.28
0.25
0.08
0.01
0.13
0.03
0.11
0.14
0.16
0.21
0.15
0.03
0.15
0.06
0.12
0.07
0.02
0.26
0.19
0.04
0.05
0.17
0.02
0.21
0.28
0.14
0.03
0.06
0.06
0.19
0.03
0.17
0.12
0.16
0.00
0.00
0.13
0.03
0.16
0.18
0.21
0.23
0.01
0.27
0.10
0.07
0.23
0.27
0.15
0.13
0.05
0.26
0.04
0.00
0.00
0.00
0.04
0.11
0.24
0.23
0.11
0.21
0.03
0.02
0.25
0.04
0.06
0.27
0.25
0.19
0.05
0.27
0.24
0.10
0.27
0.02
0.15
0.00
0.19
0.27
0.06
0.13
0.20
0.22
0.20
0.22
0.16
0.21
0.20
0.29
0.16
0.20
0.17
0.28
0.15
0.11
0.06
0.27
199 34
0.23
0.24
0.14
0.10
0.17
0.17
0.16
0.02
0.08
0.03
0.01
0.06
0.24
0.10
0.07
0.23
0.11
0.28
0.17
0.27
0.00
0.23
0.12
0.10
0.14
0.14
0.13
0.07
0.14
0.19
0.23
0.26
0.23
0.12
0.22
0.27
0.20
0.16
0.10
0.08
0.18
0.22
0.19
0.20
0.13
0.18
0.23
0.20
0.19
0.05
0.26
0.03
0.08
0.05
0.25
0.02
0.00
0.22
0.16
0.24
0.11
0.19
0.17
0.18
0.25
0.01
0.22
0.25
0.07
0.13
0.04
0.00
0.08
0.02
0.28
0.16
0.27
0.16
0.25
0.11
0.06
0.08
0.11
0.18
0.24
0.29
0.14
0.01
0.21
0.07
0.07
0.26
0.09
0.17
0.02
0.20
0.21
0.27
0.23
0.09
0.25
0.20
0.26
0.27
0.09
0.20
0.10
0.25
0.00
0.08
0.18
0.24
0.18
0.28
0.25
0.02
0.05
0.18
0.00
0.00
0.05
0.15
0.29
0.16
0.20
0.17
0.23
0.19
0.29
0.12
0.26
0.21
0.12
0.00
0.08
0.00
0.16
0.16
0.06
0.21
0.04
0.09
0.22
0.04
0.29
0.27
0.29
0.23
0.01
0.08
0.25
0.23
0.25
0.18
0.11
0.14
0.22
0.18
0.13
0.22
0.23
0.15
0.05
0.06
0.21
0.20
0.05
0.17
0.15
0.02
0.06
0.21
0.01
0.21
0.02
0.14
0.00
0.27
0.24
0.12
0.04
0.13
0.04
0.26
0.27
0.04
0.28
0.25
0.02
0.28
0.26
0.13
0.04
0.07
0.03
0.04
0.19
0.24
0.10
136 11
0.01
0.11
0.20
0.29
0.16
0.01
0.05
0.05
0.21
0.17
0.04
0.08
0.18
0.17
0.10
0.28
0.14
0.09
0.28
0.07
0.09
0.01
0.14
0.00
0.28
0.19
0.28
0.00
0.06
0.26
0.06
0.28
0.07
0.06
0.16
0.03
0.19
0.16
0.01
0.09
0.13
0.09
0.17
0.09
0.19
0.20
0.26
0.25
0.18
0.08
0.03
0.09
0.16
0.08
0.02
0.03
0.06
0.06
0.17
0.26
0.24
0.24
0.14
0.04
0.22
0.14
0.27
0.23
0.06
0.08
0.20
0.11
0.05
0.15
0.12
0.21
0.09
0.08
0.20
0.08
0.20
0.20
0.05
0.21
0.23
0.26
0.11
0.07
0.26
0.22
0.19
0.14
0.29
0.24
0.05
0.09
0.11
0.28
0.14
0.09
0.19
0.26
0.10
0.07
0.10
0.07
0.12
0.22
0.18
0.28
0.21
0.01
0.15
0.09
0.19
0.03
0.25
0.27
0.07
0.24
0.28
0.25
0.26
0.05
0.23
0.24
0.20
0.21
0.26
0.05
0.28
0.21
0.05
0.09
0.15
0.23
14 8
0.21
0.23
0.10
0.09
0.10
0.20
0.03
0.19
0.16
0.03
0.24
0.12
0.10
0.22
162 1
0.03
0.05
0.18
0.26
0.19
0.00
0.03
0.20
0.22
0.13
0.18
0.23
0.21
0.02
0.00
0.10
0.09
0.26
0.10
0.20
0.21
0.19
0.17
0.19
0.24
0.15
0.22
0.14
0.07
0.17
0.23
0.16
0.00
0.23
0.03
0.11
0.28
0.18
0.03
0.17
0.09
0.11
0.14
0.21
0.12
0.07
0.24
0.25
0.17
0.10
0.08
0.29
0.29
0.26
0.25
0.02
0.13
0.09
0.16
0.12
0.08
0.11
0.11
0.05
0.01
0.21
0.24
0.04
0.06
0.01
0.18
0.17
0.21
0.11
0.18
0.23
0.14
0.04
0.08
0.16
0.12
0.13
0.07
0.28
0.05
0.21
0.29
0.28
0.26
0.13
0.12
0.17
0.08
0.25
0.28
0.16
0.18
0.13
0.18
0.10
0.14
0.27
0.05
0.25
0.26
0.21
0.27
0.01
0.27
0.08
0.23
0.08
0.19
0.10
0.01
0.26
0.11
0.15
0.00
0.13
0.16
0.02
0.15
0.09
0.06
0.27
0.01
0.02
0.28
0.19
0.05
0.16
0.17
0.11
0.14
0.18
0.03
0.20
0.17
0.18
0.16
0.01
0.07
0.11
0.19
0.19
0.10
0.15
0.20
0.06
0.12
0.28
0.24
0.14
0.13
0.21
0.26
0.04
0.27
0.17
0.18
0.19
129 41
0.77
0.95
0.71
0.71
0.85
0.88
0.86
0.95
0.86
0.97
0.71
0.95
0.82
0.77
0.99
0.72
0.92
0.94
0.98
0.81
0.70
0.76
0.74
0.73
0.77
0.83
0.84
0.95
0.84
0.77
0.91
0.96
0.86
0.83
0.81
0.97
0.86
0.90
0.80
0.96
0.76
0.82
0.91
0.89
0.86
0.94
0.92
0.82
0.90
0.89
0.92
0.87
0.78
0.93
0.71
0.90
0.78
0.76
0.76
0.73
0.96
0.75
0.99
0.87
0.76
0.91
0.90
0.81
0.73
0.99
0.77
0.99
0.96
0.96
0.91
0.79
0.92
0.87
0.79
0.84
0.73
0.95
0.80
0.79
0.84
0.85
0.76
0.78
0.81
0.77
0.75
0.76
0.76
0.90
0.92
0.73
0.73
0.97
0.75
0.77
0.87
0.92
0.71
0.83
0.72
0.85
0.88
0.84
0.87
0.92
0.99
0.81
0.79
0.82
0.83
0.96
0.70
0.96
0.95
0.70
0.85
0.95
0.96
0.76
0.97
0.78
0.78
0.99
0.93
92 44
0.82
0.84
0.82
0.76
0.70
0.81
0.93
0.84
0.91
0.75
0.82
0.72
0.81
0.97
0.96
0.77
0.87
0.94
0.73
0.88
0.87
0.85
0.89
0.85
0.87
0.71
0.97
0.79
0.70
0.87
0.93
0.73
0.90
0.85
0.83
0.87
0.83
0.84
0.92
0.99
0.83
0.79
0.87
0.76
0.85
0.79
0.88
0.98
0.77
0.85
0.91
0.78
0.95
0.85
0.75
0.74
0.84
0.94
0.77
0.82
0.77
0.90
0.98
0.91
0.87
0.95
0.74
0.73
0.70
0.81
0.95
0.77
0.85
0.80
0.93
0.92
0.95
0.82
0.70
0.71
0.97
0.98
0.90
0.72
0.83
0.96
0.76
0.84
0.75
0.85
0.72
0.99
133 10
0.76
0.76
0.86
0.80
0.86
0.85
0.79
0.71
0.98
0.83
0.72
0.98
0.82
0.82
0.85
0.71
0.73
0.81
0.77
0.98
0.81
0.90
0.79
0.81
0.80
0.85
0.93
0.77
0.70
0.79
0.89
0.82
0.95
0.94
0.90
0.99
0.91
0.97
0.72
0.81
0.88
0.96
0.85
0.92
0.90
0.73
0.84
0.86
0.92
0.95
0.98
0.93
0.74
0.80
0.96
0.72
0.93
0.76
0.95
0.70
0.83
0.76
0.76
0.75
0.91
0.76
0.99
0.76
0.70
0.84
0.73
0.72
0.76
0.94
0.86
0.87
0.88
0.91
0.91
0.92
0.77
0.98
0.77
0.94
0.85
0.86
0.80
0.99
0.77
0.91
0.70
0.96
0.82
0.86
0.94
0.87
0.92
0.70
0.97
0.78
0.73
0.84
0.77
0.76
0.88
0.87
0.92
0.77
0.83
0.82
0.97
0.82
0.74
0.77
0.81
0.97
0.84
0.73
0.80
0.81
0.72
0.92
0.87
0.72
0.96
0.74
0.70
0.95
0.82
0.76
0.81
0.88
0.94
47 11
0.83
0.80
0.93
0.87
0.73
0.99
0.89
0.79
0.70
0.98
0.89
0.71
0.77
0.75
0.74
0.81
0.91
0.90
0.78
0.91
0.82
0.73
0.92
0.91
0.70
0.87
0.83
0.73
0.80
0.97
0.72
0.94
0.72
0.83
0.93
0.98
0.74
0.95
0.76
0.83
0.73
0.76
0.81
0.78
0.73
0.70
0.87
118 102
0.77
0.75
0.77
0.98
0.98
0.70
0.84
0.85
0.87
0.81
0.76
0.89
0.89
0.73
0.90
0.84
0.93
0.86
0.95
0.96
0.89
0.72
0.97
0.88
0.98
0.70
0.71
0.71
0.71
0.78
0.78
0.98
0.96
0.82
0.73
0.92
0.91
0.92
0.76
0.86
0.83
0.89
0.90
0.87
0.88
0.80
0.98
0.96
0.77
0.94
0.90
0.85
0.83
0.83
0.74
0.91
0.95
0.96
0.81
0.74
0.71
0.93
0.73
0.83
0.87
0.93
0.80
0.95
0.76
0.97
0.70
0.71
0.81
0.79
0.91
0.79
0.83
0.85
0.99
0.86
0.91
0.95
0.73
0.94
0.77
0.79
0.70
0.81
0.99
0.95
0.85
0.80
0.90
0.77
0.86
0.79
0.79
0.84
0.83
0.70
0.89
0.82
0.79
0.91
0.71
0.71
0.84
0.72
0.76
0.77
0.96
0.85
0.98
0.83
0.97
0.82
0.99
0.83
116 44
0.84
0.87
0.79
0.84
0.81
0.80
0.96
0.72
0.81
0.74
0.91
0.83
0.98
0.71
0.77
0.81
0.71
0.76
0.84
0.77
0.98
0.89
0.70
0.75
0.88
0.75
0.86
0.78
0.93
0.91
0.75
0.93
0.86
0.99
0.90
0.83
0.85
0.86
0.78
0.82
0.93
0.81
0.97
0.96
0.92
0.94
0.97
0.89
0.75
0.96
0.83
0.84
0.85
0.75
0.85
0.73
0.91
0.77
0.75
0.76
0.86
0.75
0.70
0.99
0.99
0.73
0.85
0.99
0.94
0.86
0.70
0.95
0.75
0.87
0.80
0.79
0.71
0.95
0.77
0.74
0.91
0.83
0.93
0.81
0.73
0.99
0.84
0.80
0.85
0.77
0.73
0.82
0.84
0.78
0.80
0.90
0.95
0.83
0.85
0.99
0.72
0.83
0.90
0.73
0.86
0.97
0.71
0.87
0.74
0.81
0.98
0.97
0.79
0.78
0.87
0.95
47 9
0.79
0.88
0.97
0.90
0.70
0.90
0.80
0.76
0.87
0.73
0.94
0.94
0.87
0.88
0.76
0.71
0.98
0.94
0.95
0.75
0.74
0.80
0.78
0.75
0.90
0.98
0.90
0.74
0.93
0.97
0.88
0.94
0.97
0.70
0.79
0.85
0.84
0.73
0.95
0.75
0.74
0.72
0.74
0.93
0.90
0.98
0.79
14 2
0.74
0.92
0.87
0.72
0.98
0.77
0.81
0.81
0.71
0.93
0.93
0.74
0.74
0.86
124 46
0.96
0.84
0.88
0.75
0.83
0.93
0.76
0.83
0.72
0.74
0.72
0.99
0.90
0.85
0.73
0.91
0.93
0.74
0.76
0.77
0.94
0.99
0.77
0.97
0.99
0.70
0.99
0.75
0.78
0.92
0.95
0.79
0.95
0.84
0.91
0.97
0.92
0.70
0.97
0.70
0.80
0.82
0.71
0.92
0.79
0.93
0.98
0.79
0.91
0.93
0.82
0.76
0.75
0.98
0.85
0.95
0.76
0.86
0.94
0.75
0.74
0.80
0.90
0.83
0.82
0.78
0.78
0.83
0.76
0.79
0.93
0.90
0.95
0.90
0.91
0.80
0.97
0.73
0.75
0.75
0.95
0.75
0.78
0.73
0.89
0.90
0.92
0.79
0.88
0.79
0.74
0.81
0.89
0.96
0.72
0.70
0.81
0.70
0.81
0.86
0.82
0.79
0.80
0.78
0.91
0.74
0.72
0.80
0.92
0.97
0.96
0.73
0.80
0.70
0.72
0.83
0.90
0.80
0.86
0.85
0.97
0.97
0.80
0.81
33 27
0.89
0.75
0.93
0.78
0.76
0.85
0.84
0.84
0.74
0.75
0.74
0.84
0.90
0.73
0.89
0.85
0.92
0.99
0.78
0.98
0.98
0.75
0.81
0.85
0.79
0.77
0.92
0.90
0.89
0.74
0.90
0.78
0.85
