17 22 20 10 30 31 12 35 39 481 450 90 390 187 452 74 196 312 142 160 143 220 483 392 443 488 79 234 68 150 356 496 69 88 177 252 288 120 222 270 441 422 103 321 65 316 448 331 117 183 184 128 323 141 467 46 172 48 95 359 239 209 398 99 440 171 86 233 293 162 121 61 317 52 54 273 472 226 421 64 204 444 418 275 263 108 318 149 497 415 97 136 139 200 266 238 493 157 406 364 
17 22 20 10 30 31 12 35 39 481 450 90 390 187 452 74 196 312 142 160 143 220 483 392 443 488 79 234 68 150 356 496 69 88 177 252 288 120 222 270 441 422 103 321 65 316 448 331 117 183 184 128 323 141 467 46 172 48 95 359 239 209 398 99 440 171 86 233 293 162 121 61 317 52 54 273 472 226 421 64 204 444 418 275 263 108 318 149 497 415 97 136 139 200 266 238 493 157 406 364 
10 12 20 17 30 31 22 35 39 481 450 90 390 187 452 74 196 312 142 160 143 220 483 392 443 488 79 234 68 150 356 496 69 88 177 252 288 120 222 270 441 422 103 321 65 316 448 331 117 183 184 128 323 141 467 46 172 48 95 359 239 209 398 99 440 171 86 233 293 162 121 61 317 52 54 273 472 226 421 64 204 444 418 275 263 108 318 149 497 415 97 136 139 200 266 238 493 157 406 364 
10 12 20 17 22 31 30 35 39 481 450 90 390 187 452 74 196 312 142 160 143 220 483 392 443 488 79 234 68 150 356 496 69 88 177 252 288 120 222 270 441 422 103 321 65 316 448 331 117 183 184 128 323 141 467 46 172 48 95 359 239 209 398 99 440 171 86 233 293 162 121 61 317 52 54 273 472 226 421 64 204 444 418 275 263 108 318 149 497 415 97 136 139 200 266 238 493 157 406 364 
10 12 17 20 22 31 30 35 39 481 450 90 390 187 452 74 196 312 142 160 143 220 483 392 443 488 79 234 68 150 356 496 69 88 177 252 288 120 222 270 441 422 103 321 65 316 448 331 117 183 184 128 323 141 467 46 172 48 95 359 239 209 398 99 440 171 86 233 293 162 121 61 317 52 54 273 472 226 421 64 204 444 418 275 263 108 318 149 497 415 97 136 139 200 266 238 493 157 406 364 
10 12 17 20 22 30 31 35 39 481 450 90 390 187 452 74 196 312 142 160 143 220 483 392 443 488 79 234 68 150 356 496 69 88 177 252 288 120 222 270 441 422 103 321 65 316 448 331 117 183 184 128 323 141 467 46 172 48 95 359 239 209 398 99 440 171 86 233 293 162 121 61 317 52 54 273 472 226 421 64 204 444 418 275 263 108 318 149 497 415 97 136 139 200 266 238 493 157 406 364 
10 12 17 20 22 30 31 35 39 157 238 90 266 187 200 74 196 312 142 160 143 220 139 136 97 149 79 234 68 150 356 318 69 88 177 252 288 120 222 270 108 263 103 321 65 316 275 331 117 183 184 128 323 141 204 46 172 48 95 359 239 209 64 99 226 171 86 233 293 162 121 61 317 52 54 273 364 440 421 398 467 444 418 448 422 441 496 488 497 415 443 392 483 452 390 450 493 481 406 472 
10 12 17 20 22 30 31 35 39 157 238 90 266 187 200 74 196 54 142 160 143 220 139 136 97 149 79 234 68 150 52 61 69 88 177 252 121 120 222 270 108 263 103 162 65 233 86 171 117 183 184 128 226 141 204 46 172 48 95 99 239 209 64 273 323 331 275 316 293 321 288 318 317 356 312 359 364 440 421 398 467 444 418 448 422 441 496 488 497 415 443 392 483 452 390 450 493 481 406 472 
10 12 17 20 22 30 31 35 39 48 46 61 52 54 64 74 196 187 142 160 143 220 139 136 97 149 79 234 68 150 266 90 69 88 177 252 121 120 222 270 108 263 103 162 65 233 86 171 117 183 184 128 226 141 204 238 172 157 95 99 239 209 200 273 323 331 275 316 293 321 288 318 317 356 312 359 364 440 421 398 467 444 418 448 422 441 496 488 497 415 443 392 483 452 390 450 493 481 406 472 
10 12 17 20 22 30 31 35 39 48 46 52 54 61 64 74 196 187 142 160 143 220 139 136 97 149 79 234 68 150 266 90 69 88 177 252 121 120 222 270 108 263 103 162 65 233 86 171 117 183 184 128 226 141 204 238 172 157 95 99 239 209 200 273 323 331 275 316 293 321 288 318 317 356 312 359 364 440 421 398 467 444 418 448 422 441 496 488 497 415 443 392 483 452 390 450 493 481 406 472 
10 12 17 20 22 30 31 35 39 48 46 52 54 61 64 74 196 187 142 160 143 220 139 136 97 149 79 234 68 150 266 90 69 88 177 252 121 120 222 270 108 263 103 162 65 233 86 171 117 183 184 128 226 141 204 238 172 157 95 99 239 209 200 273 323 331 275 316 293 321 288 318 317 356 312 359 364 440 421 398 467 444 418 448 422 441 496 488 497 415 443 392 483 452 390 450 493 481 406 472 
10 12 17 20 22 30 31 35 39 46 48 52 54 61 64 74 196 187 142 160 143 220 139 136 97 149 79 234 68 150 266 90 69 88 177 252 121 120 222 270 108 263 103 162 65 233 86 171 117 183 184 128 226 141 204 238 172 157 95 99 239 209 200 273 323 331 275 316 293 321 288 318 317 356 312 359 364 440 421 398 467 444 418 448 422 441 496 488 497 415 443 392 483 452 390 450 493 481 406 472 
10 12 17 20 22 30 31 35 39 46 48 52 54 61 64 74 196 187 142 160 143 99 139 136 97 149 79 95 68 150 157 90 69 88 177 172 121 120 141 128 108 184 103 162 65 183 86 171 117 200 263 270 226 222 204 238 252 266 234 220 239 209 233 273 323 331 275 316 293 321 288 318 317 356 312 359 364 440 421 398 467 444 418 448 422 441 496 488 497 415 443 392 483 452 390 450 493 481 406 472 
10 12 17 20 22 30 31 35 39 46 48 52 54 61 64 74 86 65 103 108 88 99 69 90 97 68 79 95 117 150 157 136 139 143 177 172 121 120 141 128 160 184 142 162 187 183 196 171 149 200 263 270 226 222 204 238 252 266 234 220 239 209 233 273 323 331 275 316 293 321 288 318 317 356 312 359 364 440 421 398 467 444 418 448 422 441 496 488 497 415 443 392 483 452 390 450 493 481 406 472 
10 12 17 20 22 30 31 35 39 46 48 52 54 61 64 74 86 65 79 68 88 90 69 95 97 108 103 99 117 150 157 136 139 143 177 172 121 120 141 128 160 184 142 162 187 183 196 171 149 200 263 270 226 222 204 238 252 266 234 220 239 209 233 273 323 331 275 316 293 321 288 318 317 356 312 359 364 440 421 398 467 444 418 448 422 441 496 488 497 415 443 392 483 452 390 450 493 481 406 472 
10 12 17 20 22 30 31 35 39 46 48 52 54 61 64 68 65 69 79 74 88 90 86 95 97 108 103 99 117 150 157 136 139 143 177 172 121 120 141 128 160 184 142 162 187 183 196 171 149 200 263 270 226 222 204 238 252 266 234 220 239 209 233 273 323 331 275 316 293 321 288 318 317 356 312 359 364 440 421 398 467 444 418 448 422 441 496 488 497 415 443 392 483 452 390 450 493 481 406 472 
10 12 17 20 22 30 31 35 39 46 48 52 54 61 64 65 68 69 79 74 88 90 86 95 97 108 103 99 117 150 157 136 139 143 177 172 121 120 141 128 160 184 142 162 187 183 196 171 149 200 263 270 226 222 204 238 252 266 234 220 239 209 233 273 323 331 275 316 293 321 288 318 317 356 312 359 364 440 421 398 467 444 418 448 422 441 496 488 497 415 443 392 483 452 390 450 493 481 406 472 
10 12 17 20 22 30 31 35 39 46 48 52 54 61 64 65 68 69 79 74 86 90 88 95 97 108 103 99 117 150 157 136 139 143 177 172 121 120 141 128 160 184 142 162 187 183 196 171 149 200 263 270 226 222 204 238 252 266 234 220 239 209 233 273 323 331 275 316 293 321 288 318 317 356 312 359 364 440 421 398 467 444 418 448 422 441 496 488 497 415 443 392 483 452 390 450 493 481 406 472 
10 12 17 20 22 30 31 35 39 46 48 52 54 61 64 65 68 69 74 79 86 90 88 95 97 108 103 99 117 150 157 136 139 143 177 172 121 120 141 128 160 184 142 162 187 183 196 171 149 200 263 270 226 222 204 238 252 266 234 220 239 209 233 273 323 331 275 316 293 321 288 318 317 356 312 359 364 440 421 398 467 444 418 448 422 441 496 488 497 415 443 392 483 452 390 450 493 481 406 472 
10 12 17 20 22 30 31 35 39 46 48 52 54 61 64 65 68 69 74 79 86 88 90 95 97 108 103 99 117 150 157 136 139 143 177 172 121 120 141 128 160 184 142 162 187 183 196 171 149 200 263 270 226 222 204 238 252 266 234 220 239 209 233 273 323 331 275 316 293 321 288 318 317 356 312 359 364 440 421 398 467 444 418 448 422 441 496 488 497 415 443 392 483 452 390 450 493 481 406 472 
10 12 17 20 22 30 31 35 39 46 48 52 54 61 64 65 68 69 74 79 86 88 90 95 97 99 103 108 117 150 157 136 139 143 177 172 121 120 141 128 160 184 142 162 187 183 196 171 149 200 263 270 226 222 204 238 252 266 234 220 239 209 233 273 323 331 275 316 293 321 288 318 317 356 312 359 364 440 421 398 467 444 418 448 422 441 496 488 497 415 443 392 483 452 390 450 493 481 406 472 
10 12 17 20 22 30 31 35 39 46 48 52 54 61 64 65 68 69 74 79 86 88 90 95 97 99 103 108 117 150 157 136 139 143 177 172 121 120 141 128 160 184 142 162 187 183 196 171 149 200 263 270 226 222 204 238 252 266 234 220 239 209 233 273 323 331 275 316 293 321 288 318 317 356 312 359 364 440 421 398 467 444 418 448 422 441 496 488 497 415 443 392 483 452 390 450 493 481 406 472 
10 12 17 20 22 30 31 35 39 46 48 52 54 61 64 65 68 69 74 79 86 88 90 95 97 99 103 108 117 142 128 136 139 143 141 120 121 149 177 157 160 184 150 162 187 183 196 171 172 200 263 270 226 222 204 238 252 266 234 220 239 209 233 273 323 331 275 316 293 321 288 318 317 356 312 359 364 440 421 398 467 444 418 448 422 441 496 488 497 415 443 392 483 452 390 450 493 481 406 472 
10 12 17 20 22 30 31 35 39 46 48 52 54 61 64 65 68 69 74 79 86 88 90 95 97 99 103 108 117 120 121 136 139 143 141 142 128 149 177 157 160 184 150 162 187 183 196 171 172 200 263 270 226 222 204 238 252 266 234 220 239 209 233 273 323 331 275 316 293 321 288 318 317 356 312 359 364 440 421 398 467 444 418 448 422 441 496 488 497 415 443 392 483 452 390 450 493 481 406 472 
10 12 17 20 22 30 31 35 39 46 48 52 54 61 64 65 68 69 74 79 86 88 90 95 97 99 103 108 117 120 121 128 139 143 141 142 136 149 177 157 160 184 150 162 187 183 196 171 172 200 263 270 226 222 204 238 252 266 234 220 239 209 233 273 323 331 275 316 293 321 288 318 317 356 312 359 364 440 421 398 467 444 418 448 422 441 496 488 497 415 443 392 483 452 390 450 493 481 406 472 
10 12 17 20 22 30 31 35 39 46 48 52 54 61 64 65 68 69 74 79 86 88 90 95 97 99 103 108 117 120 121 128 136 143 141 142 139 149 177 157 160 184 150 162 187 183 196 171 172 200 263 270 226 222 204 238 252 266 234 220 239 209 233 273 323 331 275 316 293 321 288 318 317 356 312 359 364 440 421 398 467 444 418 448 422 441 496 488 497 415 443 392 483 452 390 450 493 481 406 472 
10 12 17 20 22 30 31 35 39 46 48 52 54 61 64 65 68 69 74 79 86 88 90 95 97 99 103 108 117 120 121 128 136 139 141 142 143 149 177 157 160 184 150 162 187 183 196 171 172 200 263 270 226 222 204 238 252 266 234 220 239 209 233 273 323 331 275 316 293 321 288 318 317 356 312 359 364 440 421 398 467 444 418 448 422 441 496 488 497 415 443 392 483 452 390 450 493 481 406 472 
10 12 17 20 22 30 31 35 39 46 48 52 54 61 64 65 68 69 74 79 86 88 90 95 97 99 103 108 117 120 121 128 136 139 141 142 143 149 177 157 160 184 150 162 187 183 196 171 172 200 263 270 226 222 204 238 252 266 234 220 239 209 233 273 323 331 275 316 293 321 288 318 317 356 312 359 364 440 421 398 467 444 418 448 422 441 496 488 497 415 443 392 483 452 390 450 493 481 406 472 
10 12 17 20 22 30 31 35 39 46 48 52 54 61 64 65 68 69 74 79 86 88 90 95 97 99 103 108 117 120 121 128 136 139 141 142 143 149 177 157 160 184 150 162 187 183 196 171 172 200 263 270 226 222 204 238 252 266 234 220 239 209 233 273 323 331 275 316 293 321 288 318 317 356 312 359 364 440 421 398 467 444 418 448 422 441 496 488 497 415 443 392 483 452 390 450 493 481 406 472 
10 12 17 20 22 30 31 35 39 46 48 52 54 61 64 65 68 69 74 79 86 88 90 95 97 99 103 108 117 120 121 128 136 139 141 142 143 149 171 157 160 162 150 172 187 183 196 177 184 200 263 270 226 222 204 238 252 266 234 220 239 209 233 273 323 331 275 316 293 321 288 318 317 356 312 359 364 440 421 398 467 444 418 448 422 441 496 488 497 415 443 392 483 452 390 450 493 481 406 472 
10 12 17 20 22 30 31 35 39 46 48 52 54 61 64 65 68 69 74 79 86 88 90 95 97 99 103 108 117 120 121 128 136 139 141 142 143 149 150 157 160 162 171 172 187 183 196 177 184 200 263 270 226 222 204 238 252 266 234 220 239 209 233 273 323 331 275 316 293 321 288 318 317 356 312 359 364 440 421 398 467 444 418 448 422 441 496 488 497 415 443 392 483 452 390 450 493 481 406 472 
10 12 17 20 22 30 31 35 39 46 48 52 54 61 64 65 68 69 74 79 86 88 90 95 97 99 103 108 117 120 121 128 136 139 141 142 143 149 150 157 160 162 171 172 187 183 196 177 184 200 263 270 226 222 204 238 252 266 234 220 239 209 233 273 323 331 275 316 293 321 288 318 317 356 312 359 364 440 421 398 467 444 418 448 422 441 496 488 497 415 443 392 483 452 390 450 493 481 406 472 
10 12 17 20 22 30 31 35 39 46 48 52 54 61 64 65 68 69 74 79 86 88 90 95 97 99 103 108 117 120 121 128 136 139 141 142 143 149 150 157 160 162 171 172 187 183 196 177 184 200 263 270 226 222 204 238 252 266 234 220 239 209 233 273 323 331 275 316 293 321 288 318 317 356 312 359 364 440 421 398 467 444 418 448 422 441 496 488 497 415 443 392 483 452 390 450 493 481 406 472 
10 12 17 20 22 30 31 35 39 46 48 52 54 61 64 65 68 69 74 79 86 88 90 95 97 99 103 108 117 120 121 128 136 139 141 142 143 149 150 157 160 162 171 172 187 183 196 177 184 200 263 270 226 222 204 238 252 266 234 220 239 209 233 273 323 331 275 316 293 321 288 318 317 356 312 359 364 440 421 398 467 444 418 448 422 441 496 488 497 415 443 392 483 452 390 450 493 481 406 472 
10 12 17 20 22 30 31 35 39 46 48 52 54 61 64 65 68 69 74 79 86 88 90 95 97 99 103 108 117 120 121 128 136 139 141 142 143 149 150 157 160 162 171 172 177 183 184 187 196 200 263 270 226 222 204 238 252 266 234 220 239 209 233 273 323 331 275 316 293 321 288 318 317 356 312 359 364 440 421 398 467 444 418 448 422 441 496 488 497 415 443 392 483 452 390 450 493 481 406 472 
10 12 17 20 22 30 31 35 39 46 48 52 54 61 64 65 68 69 74 79 86 88 90 95 97 99 103 108 117 120 121 128 136 139 141 142 143 149 150 157 160 162 171 172 177 183 184 187 196 200 263 270 226 222 204 238 252 266 234 220 239 209 233 273 323 331 275 316 293 321 288 318 317 356 312 359 364 440 421 398 467 444 418 448 422 441 496 488 497 415 443 392 483 452 390 450 493 481 406 472 
10 12 17 20 22 30 31 35 39 46 48 52 54 61 64 65 68 69 74 79 86 88 90 95 97 99 103 108 117 120 121 128 136 139 141 142 143 149 150 157 160 162 171 172 177 183 184 187 196 200 263 270 226 222 204 238 252 266 234 220 239 209 233 273 323 331 275 316 293 321 288 318 317 356 312 359 364 440 421 398 467 444 418 448 422 441 496 488 497 415 443 392 483 452 390 450 493 481 406 472 
10 12 17 20 22 30 31 35 39 46 48 52 54 61 64 65 68 69 74 79 86 88 90 95 97 99 103 108 117 120 121 128 136 139 141 142 143 149 150 157 160 162 171 172 177 183 184 187 196 200 209 220 226 222 204 233 252 266 234 270 239 263 238 273 323 331 275 316 293 321 288 318 317 356 312 359 364 440 421 398 467 444 418 448 422 441 496 488 497 415 443 392 483 452 390 450 493 481 406 472 
10 12 17 20 22 30 31 35 39 46 48 52 54 61 64 65 68 69 74 79 86 88 90 95 97 99 103 108 117 120 121 128 136 139 141 142 143 149 150 157 160 162 171 172 177 183 184 187 196 200 204 220 226 222 209 233 252 266 234 270 239 263 238 273 323 331 275 316 293 321 288 318 317 356 312 359 364 440 421 398 467 444 418 448 422 441 496 488 497 415 443 392 483 452 390 450 493 481 406 472 
10 12 17 20 22 30 31 35 39 46 48 52 54 61 64 65 68 69 74 79 86 88 90 95 97 99 103 108 117 120 121 128 136 139 141 142 143 149 150 157 160 162 171 172 177 183 184 187 196 200 204 209 226 222 220 233 252 266 234 270 239 263 238 273 323 331 275 316 293 321 288 318 317 356 312 359 364 440 421 398 467 444 418 448 422 441 496 488 497 415 443 392 483 452 390 450 493 481 406 472 
10 12 17 20 22 30 31 35 39 46 48 52 54 61 64 65 68 69 74 79 86 88 90 95 97 99 103 108 117 120 121 128 136 139 141 142 143 149 150 157 160 162 171 172 177 183 184 187 196 200 204 209 220 222 226 233 252 266 234 270 239 263 238 273 323 331 275 316 293 321 288 318 317 356 312 359 364 440 421 398 467 444 418 448 422 441 496 488 497 415 443 392 483 452 390 450 493 481 406 472 
10 12 17 20 22 30 31 35 39 46 48 52 54 61 64 65 68 69 74 79 86 88 90 95 97 99 103 108 117 120 121 128 136 139 141 142 143 149 150 157 160 162 171 172 177 183 184 187 196 200 204 209 220 222 226 233 252 266 234 270 239 263 238 273 323 331 275 316 293 321 288 318 317 356 312 359 364 440 421 398 467 444 418 448 422 441 496 488 497 415 443 392 483 452 390 450 493 481 406 472 
10 12 17 20 22 30 31 35 39 46 48 52 54 61 64 65 68 69 74 79 86 88 90 95 97 99 103 108 117 120 121 128 136 139 141 142 143 149 150 157 160 162 171 172 177 183 184 187 196 200 204 209 220 222 226 233 234 238 252 270 239 263 266 273 323 331 275 316 293 321 288 318 317 356 312 359 364 440 421 398 467 444 418 448 422 441 496 488 497 415 443 392 483 452 390 450 493 481 406 472 
10 12 17 20 22 30 31 35 39 46 48 52 54 61 64 65 68 69 74 79 86 88 90 95 97 99 103 108 117 120 121 128 136 139 141 142 143 149 150 157 160 162 171 172 177 183 184 187 196 200 204 209 220 222 226 233 234 238 252 263 239 266 270 273 323 331 275 316 293 321 288 318 317 356 312 359 364 440 421 398 467 444 418 448 422 441 496 488 497 415 443 392 483 452 390 450 493 481 406 472 
10 12 17 20 22 30 31 35 39 46 48 52 54 61 64 65 68 69 74 79 86 88 90 95 97 99 103 108 117 120 121 128 136 139 141 142 143 149 150 157 160 162 171 172 177 183 184 187 196 200 204 209 220 222 226 233 234 238 239 263 252 266 270 273 323 331 275 316 293 321 288 318 317 356 312 359 364 440 421 398 467 444 418 448 422 441 496 488 497 415 443 392 483 452 390 450 493 481 406 472 
10 12 17 20 22 30 31 35 39 46 48 52 54 61 64 65 68 69 74 79 86 88 90 95 97 99 103 108 117 120 121 128 136 139 141 142 143 149 150 157 160 162 171 172 177 183 184 187 196 200 204 209 220 222 226 233 234 238 239 252 263 266 270 273 323 331 275 316 293 321 288 318 317 356 312 359 364 440 421 398 467 444 418 448 422 441 496 488 497 415 443 392 483 452 390 450 493 481 406 472 
10 12 17 20 22 30 31 35 39 46 48 52 54 61 64 65 68 69 74 79 86 88 90 95 97 99 103 108 117 120 121 128 136 139 141 142 143 149 150 157 160 162 171 172 177 183 184 187 196 200 204 209 220 222 226 233 234 238 239 252 263 266 270 273 323 331 275 316 293 321 288 318 317 356 312 359 364 440 421 398 467 444 418 448 422 441 496 488 497 415 443 392 483 452 390 450 493 481 406 472 
10 12 17 20 22 30 31 35 39 46 48 52 54 61 64 65 68 69 74 79 86 88 90 95 97 99 103 108 117 120 121 128 136 139 141 142 143 149 150 157 160 162 171 172 177 183 184 187 196 200 204 209 220 222 226 233 234 238 239 252 263 266 270 273 288 293 275 312 331 321 323 318 317 356 316 359 364 440 421 398 467 444 418 448 422 441 496 488 497 415 443 392 483 452 390 450 493 481 406 472 
10 12 17 20 22 30 31 35 39 46 48 52 54 61 64 65 68 69 74 79 86 88 90 95 97 99 103 108 117 120 121 128 136 139 141 142 143 149 150 157 160 162 171 172 177 183 184 187 196 200 204 209 220 222 226 233 234 238 239 252 263 266 270 273 275 293 288 312 331 321 323 318 317 356 316 359 364 440 421 398 467 444 418 448 422 441 496 488 497 415 443 392 483 452 390 450 493 481 406 472 
10 12 17 20 22 30 31 35 39 46 48 52 54 61 64 65 68 69 74 79 86 88 90 95 97 99 103 108 117 120 121 128 136 139 141 142 143 149 150 157 160 162 171 172 177 183 184 187 196 200 204 209 220 222 226 233 234 238 239 252 263 266 270 273 275 288 293 312 331 321 323 318 317 356 316 359 364 440 421 398 467 444 418 448 422 441 496 488 497 415 443 392 483 452 390 450 493 481 406 472 
10 12 17 20 22 30 31 35 39 46 48 52 54 61 64 65 68 69 74 79 86 88 90 95 97 99 103 108 117 120 121 128 136 139 141 142 143 149 150 157 160 162 171 172 177 183 184 187 196 200 204 209 220 222 226 233 234 238 239 252 263 266 270 273 275 288 293 312 316 321 323 318 317 356 331 359 364 440 421 398 467 444 418 448 422 441 496 488 497 415 443 392 483 452 390 450 493 481 406 472 
10 12 17 20 22 30 31 35 39 46 48 52 54 61 64 65 68 69 74 79 86 88 90 95 97 99 103 108 117 120 121 128 136 139 141 142 143 149 150 157 160 162 171 172 177 183 184 187 196 200 204 209 220 222 226 233 234 238 239 252 263 266 270 273 275 288 293 312 316 321 323 318 317 331 356 359 364 440 421 398 467 444 418 448 422 441 496 488 497 415 443 392 483 452 390 450 493 481 406 472 
10 12 17 20 22 30 31 35 39 46 48 52 54 61 64 65 68 69 74 79 86 88 90 95 97 99 103 108 117 120 121 128 136 139 141 142 143 149 150 157 160 162 171 172 177 183 184 187 196 200 204 209 220 222 226 233 234 238 239 252 263 266 270 273 275 288 293 312 316 317 323 318 321 331 356 359 364 440 421 398 467 444 418 448 422 441 496 488 497 415 443 392 483 452 390 450 493 481 406 472 
10 12 17 20 22 30 31 35 39 46 48 52 54 61 64 65 68 69 74 79 86 88 90 95 97 99 103 108 117 120 121 128 136 139 141 142 143 149 150 157 160 162 171 172 177 183 184 187 196 200 204 209 220 222 226 233 234 238 239 252 263 266 270 273 275 288 293 312 316 317 318 321 323 331 356 359 364 440 421 398 467 444 418 448 422 441 496 488 497 415 443 392 483 452 390 450 493 481 406 472 
10 12 17 20 22 30 31 35 39 46 48 52 54 61 64 65 68 69 74 79 86 88 90 95 97 99 103 108 117 120 121 128 136 139 141 142 143 149 150 157 160 162 171 172 177 183 184 187 196 200 204 209 220 222 226 233 234 238 239 252 263 266 270 273 275 288 293 312 316 317 318 321 323 331 356 359 364 440 421 398 467 444 418 448 422 441 406 450 390 415 443 392 452 472 497 488 493 481 496 483 
10 12 17 20 22 30 31 35 39 46 48 52 54 61 64 65 68 69 74 79 86 88 90 95 97 99 103 108 117 120 121 128 136 139 141 142 143 149 150 157 160 162 171 172 177 183 184 187 196 200 204 209 220 222 226 233 234 238 239 252 263 266 270 273 275 288 293 312 316 317 318 321 323 331 356 359 364 440 421 398 392 444 418 448 422 441 406 450 390 415 443 452 467 472 497 488 493 481 496 483 
10 12 17 20 22 30 31 35 39 46 48 52 54 61 64 65 68 69 74 79 86 88 90 95 97 99 103 108 117 120 121 128 136 139 141 142 143 149 150 157 160 162 171 172 177 183 184 187 196 200 204 209 220 222 226 233 234 238 239 252 263 266 270 273 275 288 293 312 316 317 318 321 323 331 356 359 364 440 421 398 392 415 418 390 422 441 406 443 448 444 450 452 467 472 497 488 493 481 496 483 
10 12 17 20 22 30 31 35 39 46 48 52 54 61 64 65 68 69 74 79 86 88 90 95 97 99 103 108 117 120 121 128 136 139 141 142 143 149 150 157 160 162 171 172 177 183 184 187 196 200 204 209 220 222 226 233 234 238 239 252 263 266 270 273 275 288 293 312 316 317 318 321 323 331 356 359 364 390 392 398 406 415 418 440 422 441 421 443 448 444 450 452 467 472 497 488 493 481 496 483 
10 12 17 20 22 30 31 35 39 46 48 52 54 61 64 65 68 69 74 79 86 88 90 95 97 99 103 108 117 120 121 128 136 139 141 142 143 149 150 157 160 162 171 172 177 183 184 187 196 200 204 209 220 222 226 233 234 238 239 252 263 266 270 273 275 288 293 312 316 317 318 321 323 331 356 359 364 390 392 398 406 415 418 440 422 441 421 443 448 444 450 452 467 472 497 488 493 481 496 483 
10 12 17 20 22 30 31 35 39 46 48 52 54 61 64 65 68 69 74 79 86 88 90 95 97 99 103 108 117 120 121 128 136 139 141 142 143 149 150 157 160 162 171 172 177 183 184 187 196 200 204 209 220 222 226 233 234 238 239 252 263 266 270 273 275 288 293 312 316 317 318 321 323 331 356 359 364 390 392 398 406 415 418 440 422 441 421 443 448 444 450 452 467 472 497 488 493 481 496 483 
10 12 17 20 22 30 31 35 39 46 48 52 54 61 64 65 68 69 74 79 86 88 90 95 97 99 103 108 117 120 121 128 136 139 141 142 143 149 150 157 160 162 171 172 177 183 184 187 196 200 204 209 220 222 226 233 234 238 239 252 263 266 270 273 275 288 293 312 316 317 318 321 323 331 356 359 364 390 392 398 406 415 418 421 422 441 440 443 448 444 450 452 467 472 497 488 493 481 496 483 
10 12 17 20 22 30 31 35 39 46 48 52 54 61 64 65 68 69 74 79 86 88 90 95 97 99 103 108 117 120 121 128 136 139 141 142 143 149 150 157 160 162 171 172 177 183 184 187 196 200 204 209 220 222 226 233 234 238 239 252 263 266 270 273 275 288 293 312 316 317 318 321 323 331 356 359 364 390 392 398 406 415 418 421 422 441 440 443 448 444 450 452 467 472 497 488 493 481 496 483 
10 12 17 20 22 30 31 35 39 46 48 52 54 61 64 65 68 69 74 79 86 88 90 95 97 99 103 108 117 120 121 128 136 139 141 142 143 149 150 157 160 162 171 172 177 183 184 187 196 200 204 209 220 222 226 233 234 238 239 252 263 266 270 273 275 288 293 312 316 317 318 321 323 331 356 359 364 390 392 398 406 415 418 421 422 440 441 443 448 444 450 452 467 472 497 488 493 481 496 483 
10 12 17 20 22 30 31 35 39 46 48 52 54 61 64 65 68 69 74 79 86 88 90 95 97 99 103 108 117 120 121 128 136 139 141 142 143 149 150 157 160 162 171 172 177 183 184 187 196 200 204 209 220 222 226 233 234 238 239 252 263 266 270 273 275 288 293 312 316 317 318 321 323 331 356 359 364 390 392 398 406 415 418 421 422 440 441 443 448 444 450 452 467 472 497 488 493 481 496 483 
10 12 17 20 22 30 31 35 39 46 48 52 54 61 64 65 68 69 74 79 86 88 90 95 97 99 103 108 117 120 121 128 136 139 141 142 143 149 150 157 160 162 171 172 177 183 184 187 196 200 204 209 220 222 226 233 234 238 239 252 263 266 270 273 275 288 293 312 316 317 318 321 323 331 356 359 364 390 392 398 406 415 418 421 422 440 441 443 444 448 450 452 467 472 497 488 493 481 496 483 
10 12 17 20 22 30 31 35 39 46 48 52 54 61 64 65 68 69 74 79 86 88 90 95 97 99 103 108 117 120 121 128 136 139 141 142 143 149 150 157 160 162 171 172 177 183 184 187 196 200 204 209 220 222 226 233 234 238 239 252 263 266 270 273 275 288 293 312 316 317 318 321 323 331 356 359 364 390 392 398 406 415 418 421 422 440 441 443 444 448 450 452 467 472 481 483 493 497 496 488 
10 12 17 20 22 30 31 35 39 46 48 52 54 61 64 65 68 69 74 79 86 88 90 95 97 99 103 108 117 120 121 128 136 139 141 142 143 149 150 157 160 162 171 172 177 183 184 187 196 200 204 209 220 222 226 233 234 238 239 252 263 266 270 273 275 288 293 312 316 317 318 321 323 331 356 359 364 390 392 398 406 415 418 421 422 440 441 443 444 448 450 452 467 472 481 483 488 497 496 493 
10 12 17 20 22 30 31 35 39 46 48 52 54 61 64 65 68 69 74 79 86 88 90 95 97 99 103 108 117 120 121 128 136 139 141 142 143 149 150 157 160 162 171 172 177 183 184 187 196 200 204 209 220 222 226 233 234 238 239 252 263 266 270 273 275 288 293 312 316 317 318 321 323 331 356 359 364 390 392 398 406 415 418 421 422 440 441 443 444 448 450 452 467 472 481 483 488 493 496 497 
10 12 17 20 22 30 31 35 39 46 48 52 54 61 64 65 68 69 74 79 86 88 90 95 97 99 103 108 117 120 121 128 136 139 141 142 143 149 150 157 160 162 171 172 177 183 184 187 196 200 204 209 220 222 226 233 234 238 239 252 263 266 270 273 275 288 293 312 316 317 318 321 323 331 356 359 364 390 392 398 406 415 418 421 422 440 441 443 444 448 450 452 467 472 481 483 488 493 496 497 
